$ANSIBLE_VAULT;1.1;AES256
33373862313938343965323538346536393237306638343766653136643361613639633766303631
3362376130386164633366636233356264666464326464630a353964363933373835653232333463
32646162373163396632396232393538333532323439326530383139613361316661646234623638
3334393764373066660a376431633335363738333736356332616663303936653633633236376634
31373338383137306161633964333861306334666339326432373138653530363464323337666331
33326537373136653435633361396364633933303464356262373739336639346636626161663538
38393639303332666232353163326663316166393438646232663136393866653932653733313538
61643337326533366663363230373761313435613337616436313666386235303233613163363039
37396538313238626665356631626163656436623138323165613933643163323463396265343334
31366333363665396239313037326463323164376565646437313635316535643030343636346263
36653736393030323665326532623535303865383837636537663365633262346134336439336130
63343561343236656532633065356364386666386635313732346334353235363434636265656265
61303930396566636163663436653933353162393362636463333162613038326363363561623438
64383666633832613932356635336338386139373237343462336263643431363134346430633932
62616132323339363731393737663436306162613833376166343637396433393434316664313434
32396230366335623030306239366135666238663432303735613435613664663437303638633238
35373866663566303561643463653862396337623937656337346530363336613033656135663466
37646530326162386464316231376531316634396365353662656639656537363730316334623731
30353236363638393232636431306135366137323337363063333731313035323930303337346465
37336465303133616534366230363237376361343630616565636437303162363963656136653535
62616435353666363363306364303266306461396562386236323733613235356463313161343538
36396130646166633362353431646337633931383363653632653466393439346235663532333162
37383933316138393335626565373835623034373637306431313739343063383734666663373435
30383139326265323833396538623638373131333637383238666661313932303433623331343931
35333265383466626633363937633538306630303534643062333535646137653163353863393436
30666439356633333335313464346138366163633533656365616636316231383434653739313137
33363031316363643735376261353537383034386336663764393264326130363632383735663062
64366262363265653061
